% filename: Ks - Fri Aug 26 11:15:44 2016

% type: matrix 
% rows: 12
% columns: 12
  9.663268459334e+004    0                    0                    0                  4.831634229667e+004 -4.831634229667e+004 -9.663268459334e+004    0                    0                    0                  4.831634229667e+004 -4.831634229667e+004
    0                  8.052721760498e+004 -1.610546698836e+004 -4.831634229667e+004    0                    0                    0                 -8.052721760498e+004  1.610546698836e+004 -4.831634229667e+004    0                    0                
    0                 -1.610546698836e+004  8.052721760498e+004  4.831634229667e+004    0                    0                    0                  1.610546698836e+004 -8.052721760498e+004  4.831634229667e+004    0                    0                
    0                 -4.831634229667e+004  4.831634229667e+004  6.442178972889e+004    0                    0                    0                  4.831634229667e+004 -4.831634229667e+004  3.221089486445e+004    0                    0                
  4.831634229667e+004    0                    0                    0                  3.453169005696e+004 -2.989009967193e+004 -4.831634229667e+004    0                    0                    0                  1.378465223971e+004 -1.842624262473e+004
 -4.831634229667e+004    0                    0                    0                 -2.989009967193e+004  3.453169005696e+004  4.831634229667e+004    0                    0                    0                 -1.842624262473e+004  1.378465223971e+004
 -9.663268459334e+004    0                    0                    0                 -4.831634229667e+004  4.831634229667e+004  9.663268459334e+004    0                    0                    0                 -4.831634229667e+004  4.831634229667e+004
    0                 -8.052721760498e+004  1.610546698836e+004  4.831634229667e+004    0                    0                    0                  8.052721760498e+004 -1.610546698836e+004  4.831634229667e+004    0                    0                
    0                  1.610546698836e+004 -8.052721760498e+004 -4.831634229667e+004    0                    0                    0                 -1.610546698836e+004  8.052721760498e+004 -4.831634229667e+004    0                    0                
    0                 -4.831634229667e+004  4.831634229667e+004  3.221089486445e+004    0                    0                    0                  4.831634229667e+004 -4.831634229667e+004  6.442178972889e+004    0                    0                
  4.831634229667e+004    0                    0                    0                  1.378465223971e+004 -1.842624262473e+004 -4.831634229667e+004    0                    0                    0                  3.453169005696e+004 -2.989009967193e+004
 -4.831634229667e+004    0                    0                    0                 -1.842624262473e+004  1.378465223971e+004  4.831634229667e+004    0                    0                    0                 -2.989009967193e+004  3.453169005696e+004
